71
244
60
98
149
335
261
132
324
214
148
270
399
175
158
307
78
334
136
215
9
91
21
160
3
219
406
3
417
119
344
343
335
434
366
382
314
92
128
483
451
244
399
191
57
403
401
99
4
226
367
62
433
284
413
391
132
37
29
285
380
26
385
415
204
470
292
77
186
211
196
84
346
61
441
423
425
266
324
405
313
123
406
88
208
61
466
55
449
35
258
286
15
37
195
156
72
241
65
296
215
304
103
499
17
381
109
186
125
141
62
194
498
27
168
387
177
94
55
139
62
419
65
367
173
30
400
86
113
478
290
236
219
375
491
233
274
268
367
362
29
12
166
301
214
482
269
496
95
244
471
18
40
37
439
250
428
414
227
176
281
109
450
218
175
89
174
243
88
272
213
171
177
375
388
423
197
266
392
368
121
401
385
234
68
61
273
437
483
495
212
131
272
382
289
423
365
118
263
419
108
159
434
205
421
454
438
465
465
359
127
70
278
240
158
488
273
394
133
493
89
41
416
50
363
286
444
428
181
399
337
18
177
193
48
428
167
271
407
419
58
102
102
345
9
495
36
135
429
423
200
435
464
351
311
196
126
11
241
262
456
17
266
285
262
254
220
182
446
6
10
22
236
212
57
321
181
491
353
91
397
326
133
203
19
389
42
200
161
220
213
414
65
300
445
151
152
470
309
386
396
17
398
374
266
240
248
140
222
335
84
432
337
467
352
431
288
60
329
186
446
452
165
36
290
417
32
71
327
129
44
377
412
349
173
470
282
111
402
45
54
264
208
343
96
427
486
9
411
25
326
344
490
401
497
448
166
218
58
233
373
484
329
380
407
156
491
14
418
16
294
427
347
291
247
476
68
204
157
166
453
427
466
310
241
132
294
446
42
211
298
341
18
214
177
94
199
393
232
191
359
475
97
377
142
270
469
240
217
95
406
220
23
496
84
493
289
21
107
491
493
6
150
172
500
63
383
413
358
112
231
495
200
198
106
270
192
109
249
67
428
343
276
270
279
10
134
21
57
409
437
405
360
381
338
237
111
397
248
317
190
146
433
440
439
490
425
37
270
5
288
324
395
171
188
500
248
3
395
148
198
304
105
420
140
123
376
423
196
244
413
195
181
122
268
138
468
409
141
410
82
73
373
152
208
277
406
235
12
371
300
466
65
28
127
453
182
448
163
333
154
127
254
155
96
188
321
266
137
230
6
363
33
106
63
64
476
279
106
327
256
417
260
238
305
434
177
263
485
269
197
278
242
152
488
302
107
365
477
216
233
159
457
260
319
410
174
354
450
34
469
260
137
239
64
301
491
131
165
139
445
351
225
453
124
218
169
218
324
208
3
308
455
19
214
474
258
320
281
220
51
238
120
201
11
414
326
43
65
67
416
197
147
77
328
78
32
192
475
106
177
329
70
259
61
288
62
23
435
112
285
186
247
216
431
43
358
391
148
27
130
222
481
160
154
166
247
500
2
201
477
151
140
106
207
454
409
465
159
231
155
332
379
489
457
343
136
313
184
427
21
65
445
460
429
491
260
402
239
444
223
321
147
495
165
483
391
431
216
428
235
220
199
54
111
166
365
206
324
1
188
249
248
301
352
355
288
430
465
282
204
48
255
217
207
8
500
371
81
402
248
232
170
202
225
34
151
404
363
112
189
26
359
412
66
228
267
219
97
432
165
499
211
239
154
376
453
359
17
234
370
406
28
65
340
435
481
437
220
375
96
41
317
328
447
387
480
71
353
296
226
182
485
120
388
459
376
287
371
286
45
453
15
400
319
9
1
192
485
403
479
399
309
167
360
437
462
181
347
164
490
203
356
166
179
487
190
127
59
324
456
12
457
244
43
189
386
298
342
351
315
296
78
124
9
492
346
150
74
262
471
363
423
176
110
6
32
169
253
193
310
290
361
201
46
457
229
233
393
292
231
82
81
397
426
450
380
275
210
240
87
94
307
461
260
403
318
307
235
345
290
349
258
170
467
155
351
494
76
350
396
390
319
240
65
143
199
175
313
495
327
190
48
8
420
24
440
6
147
116
48
282
398
92
42
461
466
450
473
129
111
357
54
71
270
195
2
347
416
444
265
424
297
304
17
198
304
496
168
377
403
260
404
383
11
319
241
189
169
461
367
307
405
202
86
333
466
278
131
72
3
451
213
393
493
331
479
314
459
180
299
432
148
416
339
264
32
273
469
196
42
184
217
461
365
296
36
260
459
114
186
388
137
121
278
169
475
105
320
206
37
96
293
217
359
86
257
137
395
496
